Q9Y2S7	568819 440185
P31749	554329 554348 568611
P54274	568606
Q9NWV8	440185
P27797	554348 569655 568650 602263 568611 568606 440185
P19838	568611 440185
P16333	1246768 568611 446562 568606
Q9H334	1246768
P20674	568650 568611
Q13526	568650 568611
Q13643	440185
Q9Y6K9	1246768 568606 1079863
P78527	568650 602263 568611 568606
Q8WZ42	1246768 602263
P62993	554348 568650 602263 568611
P31946	1045383 554348 602263 568611 970170
O00422	602263 568611
P02671	771931
P17980	568650 602263 568611 568819 440185
Q05397	568611
Q04917	602263 568611 970170 440185
Q9Y2Q3	568819
P25791	568819
Q6PEX3	569655
P60953	1045383 569655 602263 446562 1079863
P46459	602263
P02775	1246768
O00499	554348 1246768
Q13200	602263 568611 440185
Q9UGI8	440185
Q96BK5	1045383
O75190	1246768 602263 440185
P02787	554348
Q13363	602263 440185
O15530	554348
Q9UNE7	568650 1083058 602263 568611 440185
P61981	602263 568611 970170
P15336	569655
P08670	554348 602263 568611 568819 440185
P16220	554329 569655 568611
O60333	440185
Q9UBB9	440185
P05067	568650 568611 446562
P02768	602263 771931 568611
O00483	1083058 602263 568819 440185
Q08AM6	602263
Q15750	1045383 440185
P42224	554348 1246768 568650 1083058 602263 568611
P35968	568650 568611
O43463	568611
Q15008	602263 440185
P62136	602263 568611 568606 568819 440185
O76031	440185
P25786	569655 568650 1083058 602263 568611 568819 440185
Q15369	568650 771931 568611 568606 568819
Q04837	568650 602263 568611 440185
Q13620	1045383 602263 440185
Q99816	569655 568650 602263 568611 440185
P46108	602263
Q7Z3S9	771931
O75340	602263
P27348	554329 1045383 602263 568611 970170
P38159	1246768 602263 440185
P42336	1246768 602263 568611
P62140	602263 568611 568606
P09493	1246768 602263 568611
Q13469	554348 568650 568611
P24941	1045383 569655 568650 1083058 771931 568611 446562 568819
Q8IY92	568650 568611
Q99497	1083058
Q13619	1045383 568650 602263 568611 568606 440185
P13647	602263
P05412	554348 569655 1246768 568611 568819
P62195	568650 1083058 602263 568611 568819 440185 568696
Q13616	1045383 568650 568611 568606 568819 440185
Q03135	602263 568611 568819
Q7Z3K3	771931 440185
P84022	554348 568650 568611 568696
Q14160	602263 568819
O00487	602263 568819 440185
P10809	554348 602263 568611 440185
P40692	1045383 602263 568611
Q15637	602263 568611 568819
Q96I59	568650 602263 568611
P23025	1246768 568606
Q14192	440185
P07947	568611
Q02750	568611
P60484	568611
P61326	602263
O43159	771931
P06400	1083058 568611 568606 568819 440185 1079863
P00533	602263 568819 440185
O95674	568819 440185
Q09472	772089 554348 568650 1083058 568611 568606 568819 440185 568696
P29353	602263 568611
P61244	1083058
P02751	554348 1083058 771931 568611 440185
Q06330	568606 440185
Q7Z434	554348 568819 440185
Q12888	568611
O75400	602263
P30153	772089 1083058 602263 568611 568606 568819 440185
P10606	568606
P08238	1045383 1246768 602263 440185
Q5S007	446562
O75390	602263
P19174	568611
P35222	1246768 602263 771931 568611 1079863
O14641	569655 602263 440185
P35221	1246768 602263 568611 440185
Q13485	568650 568611 568819
P0CG48	1045383 1246768 568650 602263 568611 568606 440185 1079863
Q8N6T3	602263
O00459	1246768 602263 568611
P32121	568650 568611
Q16531	1045383 554348 568650 602263 568611
O60674	554348
Q13573	602263 568819
Q96EB6	568650 568611
P36406	554348
O43765	1045383 568650 602263 568611
P63165	1045383 569655 1246768 568611 568606 440185
Q08379	554348 1246768 602263 771931 440185
P47974	602263
Q53GS9	568650 568611
P02649	554348 568611
Q7L5N1	568650 602263 568611
O00231	568650 602263 568611 568819 440185
P42677	602263 440185
Q969H0	1083058 568606
P02647	554348 771931
P10909	440185
P05556	554348 602263 568611 568819 440185
P54646	568819
P04626	1045383 568819 440185
O14818	554348 568650 602263 568611 440185
Q9Y5V3	554348 568650 602263 568611 440185
P41218	568606
Q15047	568611
P46379	1045383 568650 602263 771931 568611 440185
O15111	1246768 568606 568819
Q9NU22	602263
P46940	1045383 568819
Q92905	1045383 568650 602263 771931 568611
Q99996	771931 568611
Q15797	1246768 568696
Q99460	1083058 602263 568611 568819 440185
P22830	568650 568611 568606
Q16204	1045383
P01106	1083058 602263 568611 568606 568819 440185
P63279	1045383 569655 602263 771931 568611 568606 568819 440185
P27361	1045383 568650 568611
Q00577	568650 1083058 602263 568611
Q9BRK4	554348 569655 1246768 602263 440185
P45983	568611
Q9H9J2	602263
P40763	1045383 554348 568606
P67775	1045383 772089 1083058 602263 568611 568819
Q93062	602263 440185
Q13554	568611
Q15645	568650 602263 568611 568819
Q9BQ67	602263
Q99459	568650 602263 568611
Q53GT1	568606
P61964	568611 568819
P43246	1045383 568611
P13929	1246768
P21333	602263 771931 568819
P62158	1246768 568650 602263 568611
P09429	602263 568606
P49841	554348 568611
P49840	554348
O15160	602263 568819
P62491	602263
Q92934	1045383 1246768 602263 568611
P06241	554348 568650 771931 568611 568606
P42574	568611
