P51149	1283665 724678
P51148	602263 440185 724678
Q6PD62	602263 568606
Q99942	602263 554348 1045383 568611 554356 568650
Q9H492	568611
Q9UKV8	568611
P54274	568606 554355
Q96CV9	440185 1045383 554359
Q9GZT8	569655
P23528	602263 554348 568611 554355 724678
Q9Y4K3	1246768 568402 440185 568590 568611
Q8N6Y0	602263 554348 440185 554356
P14635	568886 1045383 568611
Q13485	568819 568611 568650
P40939	602263 568819 23854 568886 568611 568650 724678
Q96HR8	1045383
P52292	1246768 602263 568819 23854 440185 568611 568597 568650 724678
P23497	602263 568402 440185 568590 569655
Q9Y6K9	1246768 568606 1079863
P07900	602263 568819 23854 554348 440185 1045383 568590 771931 568611 554355 724678
Q9NRR5	554348 1084136 554356
P52298	602263
P78527	602263 568606 1283665 568590 568611 568650 724678
Q8WZ42	1246768 602263
P42566	1045383
P62993	602263 554348 568611 554407 554355 554356 554359 568650
P31946	602263 970170 554348 1084136 1045383 568590 568611 724678
Q9HAU4	602263 554348 568590 554356
O43889	602263 568838 554348 440185 568867 554356
P15104	602263
P25445	568838 554348 440185 568611
O95870	568838
Q99816	602263 568665 440185 568612 568590 568611 569655 554359 568650
P06396	602263 568819 569655
P10176	568606
P51668	568606 1079863 1045383 568590 568611
P63313	602263
Q9H2H9	602263
Q9Y371	440185
P61586	1079863 1045383 568611 569655
P02792	568838 554348 568886 771931 554356
P22736	568819 554348 568886 440185 568863 568867 568866 554355 554356
P02794	602263 554348 440185 554407 554355 554356
Q9P0L0	568838 554348 440185 568611 554407 554355 554356 554359 568650 724678
Q9H6Y7	440185
Q13162	1246768 568590 568611 568650
Q9Y2R0	602263 568606
P83731	602263 23854 440185 568590 568650 724678
P37198	602263 554348 568590 568611 569655 554356
Q15428	602263 568611 568650
P19429	602263
O75925	208293 568886 440185 771931
P02775	1246768
Q16740	724678
Q9Y3E0	568606 568819 568838
Q15155	1246768 568606
O00716	568819
Q04206	440185 568590 771931 568611 568867 724678
P10644	602263 568838 440185 568611 568696
O75190	1246768 602263 440185
Q969M3	1045383
P00403	602263 568819 568838 554348 440185 568867 724678
P19793	554348 440185 554356
O15530	554348
Q16643	602263
P40429	602263 568819 440185 568590
P63000	602263 970170 1079863 1045383 568611 569655
P61981	602263 970170 1084136 568590 568611
P62136	602263 568606 568819 440185 568590 568611
Q15796	554348 568886 568696
P03886	568867
P20674	568611 568650 724678
Q96JM7	568838 554348 554356
P31930	602263 568606 568838 724678
Q9UNE7	602263 440185 568611 568650 724678
P14854	568611 568650
P02751	554348 440185 771931 568611 568863 568866 554356 554359
Q9UJY1	602263 440185
P31749	554348 568611
P29590	568402 554348 440185 568590 568611 568597 554355 554359
P05067	568611 568650
P02768	602263 771931 568611
O00483	602263 568819 568838 440185 724678
P35580	602263 23854 771931
P49023	208293 440185 568611
P19438	568819 554348 568611 554407
P42224	1246768 602263 554348 568611 554355 568650 724678
P05141	1246768 602263 1283665 23854 554348 1084136 440185 568590 568611 568867 554355 554356 724678
P62875	568611 568866
Q15424	602263 568611 568650
O96008	602263 568611 568650
P42766	602263 440185 568590 724678
Q92793	568606 568819 554348 568886 440185 771931 568611 554407 569655 568650 568696
P17612	602263 23854 440185 1045383 568611 554356
Q15058	602263
P19320	568611
P23771	568650
P17661	554348 1084136 568611 554356
P04792	1246768 602263 568819 568886 440185 1045383 568863
P14136	602263 554348 1084136 554356
Q15008	602263 568838 440185 724678
Q05639	1246768 602263 1283665 23854 568590 568611
P15336	569655
P12814	602263 568665 554348 568886 440185 771931 568611 568863 568866 554355 554356
P56385	602263 568838
P07996	568611 568867 554356 568650
P00414	554348 568886 568863 568866 554356
P25786	602263 568819 440185 568611 569655 568650
P42858	440185 1045383
P25788	568402 554348 440185 568611
Q9UL18	602263
Q16659	568611 568650
P16220	568611 569655
O95758	602263
Q14789	771931
Q9H814	602263
P40763	568606 568402 554348 1045383 554356 724678
Q16718	602263 724678
P12110	568819 568838 440185
P62487	568611 568867
Q9UBN7	569655
P49792	208293 1246768 23854 440185 568611 568650
Q7Z3S9	771931
Q93009	568606 568402 440185 568590 724678
Q15554	440185
P03905	568819 554348 568886 568866 554356
Q00610	1246768 602263 1084136 440185
P00533	602263 568819 440185
P19404	568606
P51610	602263 568590
Q8IXK0	602263
O95619	1045383 568611
Q14764	602263 554348 554356
P32121	568611 568650
O95602	568590
P62140	602263 568606 568611
Q8N4V1	568611 568650
O15514	568611
O00267	568611
P62891	440185
O94842	568819 568838 568886 568863 568867
Q9P0J0	724678
P61247	602263 23854 440185 568590 568611 568866 568650 724678
P63104	602263 970170 23854 554348 1084136 1045383 568611 724678
P08865	602263 1045383 568590 568611 568650 724678
P35579	602263 1084136 568611
P05412	1246768 568819 23854 554348 568611 569655 554356
P68104	1246768 602263 568665 568819 568838 1283665 23854 554348 1084136 568886 568612 568590 568611 568867 568866 554356 568650 724678
P27635	602263 23854 1084136 440185
P10398	440185
P62888	602263 568590 554355
P98082	568819
Q71RC2	602263
P19838	440185 568590 568611
Q9Y2Q3	568819 568838
P63220	602263
P11142	602263 568819 1283665 23854 1084136 440185 568590 568611 554356 554359 568650
P26447	602263
P03897	554348
Q7Z3K3	440185 771931
Q92934	1246768 602263 1045383 568611
P01019	554348 554355
P84022	554348 568886 568611 554356 568650 568696
P13984	568611 568650
Q13642	568606
P13010	602263 23854 440185 568590 568611 724678
P10809	602263 23854 554348 440185 568590 568611 554355
P25705	602263 23854 1084136 440185 568590 724678
Q09161	602263 568606 568863
P40692	602263 1045383 568611
O75386	568611 568650
Q15637	602263 568819 568611
P31150	602263
O75306	554348 554356
P00846	602263 568819 568838 440185
Q00765	568606 568819 554348 554356
O95470	568606 568819 568611 568650
Q99623	602263 568606 568819 568838 440185 568590 568611 568867 568650 724678
O00585	1246768
P22352	568611
O00217	602263 568838 568611 568867 568650
Q5SW79	602263 440185 568611 568650
Q8N9N5	602263 440185
Q04917	602263 970170 1084136 440185 568590 568611
Q14203	602263 568838 568590 771931
O00505	208293 602263 568402 440185 568611
Q16543	1246768 602263 1045383 568590 568611
Q09472	208293 568606 568819 568838 554348 568886 440185 568611 554407 554356 568650 568696
P04406	602263 568819 568838 23854 554348 568886 440185 568590 568611 568863 568867 554356 568650
Q6UWE0	568611
Q13315	602263 1045383 568611 554355
P68133	602263 568611
Q49A88	440185
P24539	1246768 602263 568838 568611 568650 724678
O43920	568606
P09669	568606 724678
O95831	602263 1283665 440185 724678
P23396	602263 1283665 23854 1084136 568590 568611 568866 554359
P03372	1045383
P29692	602263 568886 568611 568650
Q06330	568606 440185
Q7Z5K2	602263 440185
P68032	602263 568819
P04899	602263 568611
Q7Z434	568819 568838 554348 440185 568590 554355
Q32P51	602263 1283665 554348 554356
P03923	568838
P30153	602263 568606 568819 568838 440185 568611 724678
P56134	602263 724678
P10606	568606 1283665
P16144	568819 554348 568886 568611 568863 568867 568866 554356
P08238	1246768 602263 1283665 23854 1084136 440185 1045383 568590 554355 724678
Q03001	602263 771931 554359
P55036	602263 568819 568838 568402 440185 1045383 568611 554355
P28331	568838
O60832	602263
Q04864	568819 568838 568886 568611
P35222	1246768 602263 1079863 771931 568611 554359
Q6P1J9	602263
Q92769	602263 568606 568819 23854 568590 568611
Q9Y4F1	602263 440185
P0CG48	1246768 602263 568606 568402 440185 1079863 1045383 568612 568590 568611 568650
Q8N3C7	602263 554355
Q15051	602263 1045383
O43318	568606 1045383 568611
P06748	1246768 602263 568606 23854 554348 1084136 440185 568612 568590 568611 554355 568650 724678
Q00839	1246768 602263 568606 1283665 23854 1084136 440185 568590 568611 554359 568650
P49821	568606
Q16531	602263 568665 1283665 568402 554348 1045383 568611 554359 568650 724678
P35232	602263 1283665 23854 568886 440185 568611 568650 724678
P38432	440185
Q07812	1246768 602263 568402 554348 440185 1045383 771931 568611 554356 724678
P06493	602263 568819 554348 440185 1045383 568611 568650
A0MZ66	440185
O60674	554348
Q9H8Y8	554359
Q7Z7A1	1246768 771931
Q13573	602263 568819 23854
P04049	602263 554348 1045383 568650
Q9H444	554348 568611
P63167	602263 1283665 568402 440185
P54725	1045383 568611 724678
O75955	602263 568838 568611 568650
P62273	602263
Q9BSB4	602263
O95299	602263
Q02878	602263 568819 1084136 568886 568590 568611 568863 569655 568867 568866 554355 568650 724678
P28340	568650
Q9H845	23854
Q01844	568611 569655 568650
P00441	1045383
Q9UK41	602263 568611 569655
P30050	602263 1283665 23854 568886 440185 568590 568867 724678
P02649	554348 568611 554407 554355 554359
Q6ZNA4	1045383
O00231	602263 568819 568838 440185 568611 568650
Q13501	602263 568819 1045383 568612 568611 568650 724678
P42677	602263 568838 1283665 568402 440185 568590 724678
P47914	602263 23854 554355 724678
P00156	568838 568863 568867
Q07065	602263 1084136 568611 568650
Q9Y4E8	602263
P57740	602263
Q6NYC8	568819 569655
Q71U36	1246768 602263 568606 1283665 568402 440185 568590 568611 554359 568650 724678
P06733	1246768 602263 568819 568838 554348 568886 568590 568611 568863 568867 568866 554355 554356
P00395	568606 568819 568866
P04626	568819 440185 1045383
P53350	568611 554359 568650
P61457	602263
P19474	602263 1045383 568590
O75489	602263 724678
Q00987	440185 568611 568650
P36873	602263 568606 568611 568650
A5YKK6	602263 440185 1045383
P05556	602263 568819 568838 554348 440185 568611 554356
P15259	602263
Q92900	602263 440185 1045383
Q01082	1246768 602263 568838 23854 771931 568611 568866
P46940	568819 1045383
P62280	602263 23854 440185 568590
P25398	602263 23854 568590 554359
P46781	602263 23854 1084136 440185 568590 554359
P26373	602263 23854 440185 724678
P01106	602263 568606 568819 568838 440185 568611 568867 568866
P63279	208293 602263 568606 568819 23854 440185 1045383 771931 568611 569655
P01100	568819 568611 554355
P09382	602263
P60709	602263 568838 23854 1084136 568886 440185 568590 568611 554356 568650 724678
P42704	602263 23854 568886 440185 568611 568650 724678
P46379	602263 440185 1045383 771931 568611 568650
P35609	554348 554356
Q96EY1	602263 568819 568886 440185 568866 554356 724678
Q8TCT9	602263 568819 568838 554348 440185 568611 568866 554356 568650 724678
Q9UJS0	602263 23854 724678
P37840	1045383
O14949	602263 568606
P23297	602263
Q15831	568819
Q99832	602263 1283665 568867 724678
P62258	602263 970170 23854 554348 1084136 568590 771931 568611 554356 724678
P09619	208293 568819 440185
P60953	602263 1079863 1045383 569655
P12931	568606 554348 440185 1045383 568590 568611 568650
Q92667	602263
Q96EB6	568611 568650
P04637	208293 602263 568606 568819 568838 23854 554348 568886 440185 1045383 568611 568863 554407 568867 568866 554355 554356 568650 724678
P08047	568665 23854 440185 568612 568611 568597 569655 568650
Q99459	602263 568611 568650
P04156	568838 568886 568611 568867
P20963	568665 568611 568650
P02652	554348 554355
Q9UMX0	554348 440185 1045383 554356
Q7Z6Z7	602263 568886 568611 568650 724678
P21333	602263 568819 568590 771931 554356
P06576	602263 23854 568611 568867 568650 724678
Q9NPL8	724678
P62158	1246768 602263 568886 568611 568650 724678
Q12873	602263
Q15843	602263 440185 568590 568611 568650
P60900	602263 568819 568838 554348 440185 568611 554356 568650
P09429	602263 568606
Q9NVV9	554348 554356
P63302	568838 568886
P42345	602263
O43707	602263 440185 771931
P11021	1246768 602263 568819 568838 568402 554348 1084136 568886 440185 771931 568611 568863 568867 554355 568650 724678
Q14008	602263 440185
Q13813	602263 568819 23854 568886 771931 568863 568867 554359
P06241	568606 554348 568590 771931 568611 554355 554356 554359 568650
P42574	568611
P13073	568606 568611 568650 724678
