Q9Y2S7	568819 440185
P31749	554329 554348 568611
P54274	568606
Q8WV44	568609
P38936	554348 568611 568819 440185
P19838	568611 440185
P16333	568611 446562 568606
Q9NWV8	440185
P20674	568650 568611
Q13526	568650 568611
Q13643	440185
Q93074	1045383
Q8WZ42	602263
P62993	554348 568650 602263 568611 568609
P31946	1045383 554348 1084136 602263 568611 970170
O00422	602263 568611
P63010	568650 602263 1082987 568611 440185
Q05397	568611
Q9Y2Q3	568819
Q00535	568611 568609 568819
P60953	1045383 602263 446562 1079863
Q13200	602263 568611 440185
Q96BK5	1045383
O75190	602263 440185
P02787	554348
Q12933	554348 602263 568611 568606 568609 440185
O15530	554348
P16220	554329 568611
P61981	1084136 602263 568611 970170
P62136	602263 568611 568606 568819 440185
P08670	554348 1084136 602263 568611 568819 440185
Q7Z5N4	568609
O60333	440185
Q9UBB9	440185
P05067	568650 568611 446562
Q08AM6	602263
Q15750	1045383 440185
O43463	568611
Q9Y297	1083058 1045383 568650 568611
O14964	568611
Q9Y6K9	568606 568609 1079863
Q15008	602263 440185
P15336	568609
O76031	440185
P25786	1083058 568650 602263 568611 568819 440185
Q16659	568650 568611
Q04837	568650 602263 568611 440185
Q13620	1045383 602263 440185
P21580	440185
Q99816	568650 568612 602263 1082987 568611 440185
P46108	602263 568609
Q04917	1084136 602263 568611 970170 440185
P27348	554329 1045383 1084136 602263 568611 970170
P38159	1084136 602263 440185
P42336	602263 568611
P62140	602263 568611 568606
Q13469	554348 568650 568611
P61244	1083058
Q99497	1083058
P63104	1045383 554348 1084136 602263 568611 970170
Q13619	1045383 568650 602263 1082987 568611 568606 440185
P27986	772089 568650 602263 568611 568606
P35579	1084136 602263 568611
P05412	554348 568611 568819
P0CG47	1045383 602263 568611
P11310	602263
P62195	1083058 568650 568612 602263 568611 568819 440185
Q13616	1045383 568650 568611 568606 568819 440185
O43837	440185
P47974	602263
O00487	602263 568819 440185
P10809	554348 602263 568611 440185
P40692	1045383 602263 568611
Q15637	602263 568611 568819
Q96I59	568650 602263 568611
P23025	568606
Q14192	440185
P07947	568611
Q02750	568611
P60484	568611
P61326	602263
P06400	1083058 568611 568606 568819 440185 1079863
P00533	602263 568819 440185
O95674	568819 440185
Q09472	1083058 772089 554348 568650 568611 568606 568609 568819 440185
P29353	602263 568611
P02751	1083058 554348 568611 440185
P06213	1084136
Q06330	568606 440185
Q12888	568611
P30153	1083058 772089 602263 568611 568606 568819 440185
Q15910	1045383 568819
P10606	568606
P08238	1045383 1084136 602263 440185
Q5S007	446562
O75390	602263 568609
P19174	568611
P35222	602263 568611 1079863
O14641	602263 440185
P35221	602263 568611 568609 440185
P0CG48	1045383 568650 568612 602263 568611 568606 440185 1079863
Q8N6T3	602263
Q16531	1045383 554348 568650 602263 1082987 568611
O60674	554348
Q13573	602263 568819
Q96EB6	568650 568611
Q93034	568650 568612 1082987 568611 568606 440185
P36406	554348
O43765	1045383 568650 602263 568611
Q08379	554348 602263 440185
Q92793	1083058 772089 554348 568650 568611 568606 568609 568819 440185
Q53GS9	568650 568611
Q96EP0	554348 568609 568819 440185
Q7L5N1	568650 602263 568611
O00231	568650 602263 568611 568819 440185
O75400	602263
P05556	554348 602263 568611 568819 440185
P54646	568819
P04626	1045383 568819 440185
P25791	568819
P53350	568650 568611
Q969H0	1083058 568606
P62937	554348 568650 568612 602263 568611
Q00987	568650 568611 446562 568609 440185
Q15047	568611
P46379	1045383 568650 602263 568611 440185
P46940	1045383 568819
Q92905	1045383 568650 602263 568611
Q99996	568611
Q99460	1083058 602263 568611 568819 440185
Q9UPT9	602263
P01106	1083058 602263 568611 568606 568819 440185
P17980	568650 602263 568611 568819 440185
P27361	1045383 568650 568611
Q9BRK4	554348 602263 440185
Q9H9J2	602263
P40763	1045383 554348 568606 568609
P67775	1083058 772089 1045383 602263 568611 568819
Q93062	602263 440185
Q13554	568611
P04637	1083058 1045383 554348 568650 602263 1082987 568611 446562 568606 568819 440185
Q15645	568650 602263 568611 568819
Q9BQ67	602263
Q99459	568650 602263 568611
Q53GT1	568606
P61964	568611 568819
O95644	568611
P62158	568650 602263 568611
Q16512	568819
P09429	602263 568606
P49840	554348
P62491	602263
P43246	1045383 568611 568609
P42574	568611
P41218	568606 568609
