P09601	1045383
P04275	282329 440185 554356 1128359
Q15942	568838 440185
Q96CV9	440185 1045383 554359
P30101	568819 568838 440185 1045383 568650 568611
P23142	208293 568819 568838 554356
Q15388	554356
P17655	440185
Q9NQC3	568819 568838 440185 568650 568611
Q9NQT4	568838 568650 568611
Q9Y6K9	1079863
P03372	1045383
Q03518	568819 568838 440185 568611
Q99523	440185
P31946	1045383 568590 568611 772043
P14618	568819 374253 440185 554356
P18031	568819 568838 440185
Q96KQ7	771931 554359 568611
P25445	568838 440185 568611
O95870	568838
P51668	1079863 1045383 568590 568611
P20073	23854
P25963	374253 568590 568611
P02792	568838 771931 554356
P13612	568650 568611
P60953	1079863 1045383
Q9Y4K3	440185 568590 568611
P07858	568838 440185 568650 568611
Q96MT8	771931 554356 554359
Q15393	568590 568611
Q12933	440185 568611
P17813	440185
O15382	568838
Q8WX93	440185
P08670	282329 568819 568838 23854 374253 440185 554356 568611
Q8WTV0	554356
Q9Y265	23854 440185 1045383 568590 568650 568611
O15265	1045383
P02749	554359 568650 568611
P31749	568611
P05067	568650 568611
O00483	568819 568838 440185
P49023	208293 440185 568611
P02760	1128359
P09493	568611
Q9H1I8	282329
Q13491	568611
P10276	440185
Q92793	568819 440185 771931 554407 568650 568611 568696
Q9Y294	1045383
Q15165	568819 568838 440185 568650 568611
Q02543	23854 568590 554356
P67809	23854 568590 554359 568650 568611
P12814	440185 771931 1083004 554356 568611
Q9Y3B2	1045383 568650 568611
P21333	568819 568590 771931 554356
P42858	440185 1045383
Q16659	568650 568611
Q9NYJ8	374253 568590 568650 568611
Q9NRR5	282329 554356
P02671	374253 771931
P49792	208293 23854 440185 568650 568611
Q9HAU4	568590 554356
Q99942	1045383 554356 568650 568611
Q93009	440185 568590
P18084	568650 568611
P35813	440185
O96019	1045383 568611
P62993	554407 554356 554359 568650 568611
Q9GZQ8	1045383
Q16543	1045383 568590 568611
P31751	568611
Q3KQU3	440185
P61247	23854 440185 568590 568650 568611
P00734	554356
P05412	568819 23854 554356 568611
P68104	568819 568838 23854 374253 568590 554356 568650 568611
O43889	568838 440185 554356
P50402	568819 568838 23854 440185 568590 568611
Q9P2H0	568819
Q969T4	1079863 1045383
Q03135	568819 568838 568611
O43586	568819
P84022	554356 568650 568611 568696
Q8TAQ2	568590 568650 568611
O60493	440185
P10809	23854 440185 568590 568611
P01130	440185 568650 568611
P08631	1083004 554356 554359 568652 568650 568611
P34897	23854
Q14192	568838 440185 554356
P07947	568590 568611
Q12789	568611
Q00765	568819 554356
Q9Y3P9	568650 568611
P17612	23854 440185 1045383 554356 568611
P55345	440185
P07948	440185 554356 554359 568652 568650 568611
O95477	440185 568650
P00533	568819 440185
Q9Y230	568819 568838 23854 440185 1045383 568611
Q09472	208293 568819 568838 440185 554407 554356 568650 568611 568696
P04406	568819 568838 23854 440185 568590 554356 568650 568611
P61086	1079863
P06756	440185 568650 568611
Q9BUJ2	568590
Q9HCU4	554356
P17948	568611
Q16637	208293 568819 568838 440185 568650 568611 772043
P02751	374253 440185 771931 554356 554359 568611
P11177	23854
Q15796	568696
P61077	1079863 1045383
P08238	23854 440185 1045383 568590
Q9UER7	440185 568590 568611
P19174	568611
Q04206	440185 568590 771931 568611
O75376	568650 568611
P35222	374253 1079863 771931 554359 568611
P38936	568819 440185 554407 568611
Q13485	568819 568650 568611
P0CG48	440185 1079863 1045383 568590 568650 568611
P23528	568611
Q8IUH5	440185
Q92993	568819 440185 568650 568611
P27816	568838 440185
P32121	568650 568611
Q12874	568650 568611
P38432	440185
Q9Y383	771931 568611
P40692	1045383 568611
Q9Y5U4	1045383
Q13573	568819 23854
P05771	568611
P27694	208293 23854 440185 568590 771931 568611
P36406	554356
O75955	568838 568650 568611
Q07817	1045383 771931 568611
Q08379	374253 440185 771931 554356 554359
O00267	568611
Q01844	282329 568650 568611
P54253	282329
P02649	554407 554359 568611
Q7L5N1	568838 568650 568611
P08047	23854 440185 568650 568611
P08758	23854 440185 554359
P42677	568838 440185 568590
P04196	771931 1128359 554359
P02647	374253 771931 554407 554356 1128359 554359
P10909	568838 440185
P04114	568819 568838 374253 1045383 771931 554356 554359
P05556	568819 568838 440185 554356 568611
P49755	568838 440185 568650 568611
P19320	568611
Q13137	282329 374253 440185 771931 554356 554359
Q00987	440185 568650 568611
P05106	771931 568611
P46379	440185 1045383 771931 568650 568611
Q96GM5	568590
P01023	440185 568611
Q92905	1045383 771931 568650 568611
Q99460	568819 568838 374253 440185 568611
P17676	208293 568819 568838 568650 568611
P61020	554356
P63279	208293 568819 23854 374253 440185 1045383 771931 568611
P63272	568611
Q6Q788	554359
Q15831	568819
P04183	568819
Q12983	554356
P12931	440185 1045383 568590 1083004 568652 568650 568611
Q13555	23854
Q9NRD5	440185 554356
P04156	568838 568611
P35638	568650
Q9UMX0	440185 1045383 554356
Q04864	568819 568838 568611
P28799	282329 440185 554356 568650 568611
P22694	440185 568611
Q9UI14	568819 440185 1083004 568611
P62158	568650 568611
P21980	568819 568838 568611
P49841	568611
O94875	771931 554356 568611
P62258	23854 568590 771931 554356 568611 772043
Q9Y490	568611
P06241	568590 771931 1083004 554356 554359 568650 568611
P42574	568611
