Q9Y2S7	568819 440185
P31749	554329 554348 568611
Q8WV44	568609
P38936	554348 1064300 568611 568819 440185 554407
P19838	568590 568611 440185
P16333	568611 446562 568606
Q9NWV8	440185
P20674	568650 568611
Q13526	568650 568611
Q13643	440185
Q9Y6K9	1079863 568606 568609
P40189	568606 568609 440185
P62140	602263 568611 568606
P31946	1045383 602263 554348 1084136 568590 568611 970170
O00422	602263 568611
Q99816	602263 568650 568590 568611 440185
Q05397	568611
Q9Y2Q3	568819
P04083	602263 1084136
Q00535	568611 568609 568819
P60953	1045383 1079863 602263 446562
Q13200	602263 568611 440185
Q96BK5	1045383
P02787	554348
Q12933	602263 554348 568611 568606 568609 440185
O15530	554348
P16220	554329 568611
P61981	602263 1084136 568590 568611 970170
P62136	602263 568590 568611 568606 568819 440185
P08670	602263 554348 1084136 568611 568819 440185
Q7Z5N4	568609
Q9UBB9	440185
P05067	568650 1064300 568611 446562
P42224	602263 554348 568650 1083058 568611
P10275	1045383
O43463	568611
Q92793	554348 568650 1083058 568611 772089 568606 568609 568819 440185 554407
Q96EB6	568650 568611
Q15008	602263 440185
P15336	568609
O76031	440185
P25786	602263 568650 1083058 568611 568819 440185
P25789	602263 554348 568650 1083058 568611 568819 440185
Q16659	568650 568611
Q04837	602263 568650 568611 440185
Q13620	1045383 602263 440185
P21580	440185
P03372	1045383
Q92769	602263 568590 568611 568606 568609 568819
P49790	602263 568650 568611
Q08AM6	602263
P27348	554329 1045383 602263 1084136 568590 568611 970170
P38159	602263 1084136 440185
P56524	568590
P62993	602263 554348 568650 568611 568609 554407
Q13469	554348 568650 568611
Q99497	1083058
P27986	602263 568650 568611 772089 568606
P0CG48	1045383 1079863 602263 568650 1064300 568590 568611 568606 440185
P0CG47	1045383 602263 1064300 568590 568611
P62195	602263 568650 1083058 568611 568819 440185
Q13616	1045383 568650 568611 568606 568819 440185
O43837	440185
Q14160	602263 568819
P10809	602263 554348 568590 568611 440185
P40692	1045383 602263 568611
Q15637	602263 568611 568819
Q96I59	602263 568650 568611
P23025	568606
Q14192	440185
P07947	568590 568611
Q02750	568611
P60484	568611
P61326	602263
Q8N9N5	602263 440185
P06400	1079863 1064300 1083058 568611 568606 568819 440185
P00533	602263 568819 440185
O95674	568819 440185
Q09472	554348 568650 1083058 568611 772089 568606 568609 568819 440185 554407
P29353	602263 568611
P38398	1045383 568590 568819
P06213	1084136
Q9UBG0	568611 440185
Q06330	568606 440185
P02751	554348 1083058 568611 440185
P04899	602263 568611
P61964	568611 568819
Q12888	568590 568611
P30153	602263 1083058 568611 772089 568606 568819 440185
O14964	568611
P10606	568606
P08238	1045383 602263 1084136 568590 440185
Q5S007	446562
O75390	602263 568609
P19174	568611
P35222	1079863 602263 568611
O14641	602263 440185
P35221	602263 568611 568609 440185
P05412	554348 568611 568819
Q8N6T3	602263
Q16531	1045383 602263 554348 568650 568611
O60674	554348
Q13573	602263 568819
Q04917	602263 1084136 568590 568611 970170 440185
Q93034	568650 568611 568606 440185
P36406	554348
O43765	1045383 602263 568650 568611
Q08379	602263 554348 440185
P47974	602263
Q53GS9	568650 568611
Q96EP0	554348 568609 568819 440185
Q7L5N1	602263 568650 568611
O00231	602263 568650 568611 568819 440185
O75400	602263
P10909	440185
P05556	602263 554348 568611 568819 440185
P54646	568819
P04626	1045383 568819 440185
P25791	568819
Q969H0	1083058 568606
P45984	602263
P41218	568606 568609
Q15047	568611
P46379	1045383 602263 568650 568611 440185
Q96GM5	568590
P46940	1045383 568819
Q92905	1045383 602263 568650 1064300 568611
Q99996	568611
Q99460	602263 1083058 568611 568819 440185
Q9UPT9	602263
P01106	602263 1083058 568611 568606 568819 440185
P17980	602263 568650 568611 568819 440185
Q92688	602263 568650 568611
Q9BRK4	602263 554348 440185
Q9H9J2	602263
P40763	1045383 554348 568606 568609
P67775	1045383 602263 1083058 568611 772089 568819
Q93062	602263 440185
Q13554	568611
P04637	1045383 602263 554348 568650 1083058 568611 446562 568606 568819 440185 554407
Q15645	602263 568650 568611 568819
Q9BQ67	602263
Q99459	602263 568650 568611
Q53GT1	568606
P67870	1045383 554348 568650 568590 568611 440185
P62158	602263 568650 568611
P49840	554348
P62491	602263
P12004	602263 568650 1064300 568590 568819 440185
P43246	1045383 568590 568611 568609
