P51665	602263 568650 568611 568819 440185
P78406	602263
Q13526	568650 568611
P07900	1045383 602263 554348 568590 568611 568819 440185
P30837	602263
P62993	602263 554348 568650 568611
P31946	1045383 602263 554348 1084136 568590 568611 772043 970170
Q05655	568611
P61978	1045383 602263 554348 1084136 568590 568611 568606 568819 440185
O95147	602263
P04083	602263 1084136
P40337	1045383 568650 568611 568606
Q00535	568611 568819
Q93062	567547 602263 440185
O00499	554348
P07858	554348 568650 1083058 568611 440185
P02787	554348
Q13363	567547 567546 602263 440185
P61981	602263 1084136 568590 568611 970170
P15336	567546
P08670	602263 554348 1084136 568611 568819 440185
P05067	568650 1064300 568611
P62879	602263 554348 1064300
Q9UBU9	1045383 602263 568590
P62877	1045383 568611 568606 568819
Q04323	602263
O43463	568611
O00560	567547 602263 568650 568611 440185
Q92793	567547 554348 568650 1083058 568611 568606 568819 440185 772089
P19320	568611
P62136	602263 568590 568611 568606 568819 440185
P25786	602263 568650 1083058 568611 568819 440185
P17931	602263 568611
Q9Y6I3	440185
P49959	568590
Q15691	1045383 440185
Q13620	1045383 602263 440185
P03372	1045383
Q08AM6	602263
P27348	1045383 602263 1084136 568590 568611 970170
P25490	1045383 554348 568611
P78352	602263 568819
P09651	602263 554348 1084136 568650 568590 568611 440185
P62140	602263 568611 568606
Q13469	554348 568650 568611
P55196	554348
Q99496	568819
Q13618	568606 440185
Q13619	1045383 602263 568650 568611 568606 440185
Q92831	567547 568650 568611 568819
P13647	602263
P0CG48	1045383 602263 568650 1064300 568590 568611 568606 440185
P05091	602263
O43765	1045383 602263 568650 568611
Q13616	1045383 568650 568611 568606 568819 440185
O14980	1045383 602263 568650 568611 772043 440185
Q9P0L0	567547 554348 568650 1083058 568611 440185
Q13554	568611
Q08117	567547 568819 440185
Q01826	568611
Q03135	602263 568611 568819
P00441	1045383
P42345	602263 1064300
P84022	554348 568650 568611
P10809	602263 554348 568590 568611 440185
Q8TBB1	1083058 440185
Q96I59	602263 568650 568611
Q13155	602263 568650 568611
Q14192	440185
P60484	568611
P07948	554348 568650 568611 568606 440185
P06400	567547 567546 1064300 1083058 568611 568606 568819 440185
P00533	602263 568819 440185
P60174	602263 554348
Q09472	567547 554348 568650 1083058 568611 568606 568819 440185 772089
P61088	1045383
Q12905	602263 568650 568611
P00338	602263 568590 440185
P45984	567546 602263
P02751	567547 554348 1083058 568611 440185
P06213	1084136
Q9UNN8	440185
P63218	602263
O95466	554348
Q12888	568590 568611
Q15750	1045383 568590 440185
P06493	1045383 567546 602263 554348 568650 1083058 568611 568819 440185
P62942	440185
P23297	602263
P35579	602263 1084136 568611
P35222	602263 568611
P01909	568611
Q9NWV8	440185
P30153	602263 1083058 568611 568606 568819 440185 772089
Q92990	602263
Q8IUH5	440185
P06748	567547 602263 554348 1084136 568650 568590 568611 568606 440185
P06733	602263 554348 568590 568611 568819
Q96EB6	568650 568611
O95292	1045383 602263 554348
Q08379	602263 554348 440185
P07195	602263 568590 440185
P47974	602263
Q15717	567547 602263 554348
Q53GS9	568650 568611
Q7L5N1	602263 568650 568611
O00231	602263 568650 568611 568819 440185
P08758	602263 440185
O75400	602263
Q9Y4E8	602263
Q04206	568590 568611 440185
Q71U36	602263 568650 568590 568611 568606 440185
P05556	567547 602263 554348 568611 568819 440185
P54646	568819
P04626	1045383 568819 440185
P25791	568819
Q969H0	1083058 568606
P15927	567547 1083058 568611 568606
P19474	1045383 602263 568590
P11802	1045383 568650 568611 568819
Q00987	568650 568611 440185
Q15047	568611
P36873	602263 568650 568611 568606
P46379	1045383 602263 568650 568611 440185
P37840	1045383
Q15554	440185
Q96GM5	568590
P46940	1045383 568819
Q92905	1045383 602263 568650 1064300 568611
Q99460	602263 1083058 568611 568819 440185
Q13547	567546 1083058 568590 568611 568606 568819 440185
P01106	602263 1083058 568611 568606 568819 440185
P45983	568611
P68400	1045383 568650 1083058 568611 568819 440185
P61956	1045383 554348 568590 568606 440185
Q9H9J2	602263
P40763	1045383 554348 568606
Q9NRD1	568650 568611
Q86Y56	602263
Q13895	602263 1083058 568819
Q14974	1045383 602263 568650 1083058 568611 568819 440185
Q53GT1	568606
P55081	568650 568611
Q04864	567547 568611 568819
P62158	602263 568650 568611
P49841	554348 568611
P49840	554348
O15160	602263 568819
P62258	602263 554348 1084136 568590 568611 772043 970170
P62491	602263
P12004	602263 568650 1064300 568590 568819 440185
Q16666	568611
