Q99942	602263 554356 554348 1045383 568611 568650
P54274	568606
Q9H0E2	440185 1045383 732808
P00167	554356 554348
P31749	554348 568611
Q92574	602263
P35527	602263
P35520	602263 568838 440185 1045383
P18031	569035 602263 568766 568819 568838 440185
Q8WTV0	554356 554348
P61978	1246768 602263 568606 568819 554356 554348 1084136 440185 1045383 568590 568611 568929 724678
Q92769	602263 568606 568819 23854 568590 568611 568865
Q05397	568611
P20073	568875 23854
P06748	569035 1246768 602263 568606 23854 554348 1084136 440185 568590 568611 568929 568650 724678
O95429	1083058 440185
Q00535	568819 568611
O00716	1083058 568819 732808
P07858	1083058 568838 568875 554348 440185 568611 568650 732808
Q12933	602263 568606 554348 440185 568611
P40429	602263 568766 568819 440185 568590 568929
P62258	569035 602263 970170 23854 554356 554348 1084136 568590 568611 772043 724678
Q14790	568766 568819 568875 568402 554348 568886 1045383 568611 568929
P03891	568929
Q9NP79	1045383
P02768	602263 568611
P10275	1045383
P54725	1045383 568611 724678
O00560	602263 568886 440185 568611 568650
P07355	1246768 602263 568875 568886 568611 568929 568650
P19320	568611
P23771	568650
Q96EB6	568611 568650
O76024	23854
P67809	1246768 602263 23854 1084136 568590 568611 568929 568650 724678
P25786	1083058 602263 568819 440185 568611 568650
P42858	440185 1045383
Q15363	602263 568650 724678
O00401	1045383
O60341	568929
P35244	23854
P18084	568611 568650
O95299	602263
P02749	568611 568650
P27986	1246768 602263 568606 772089 568611 568650
P68104	1246768 602263 568819 568838 568875 23854 554356 554348 1084136 568886 568590 568611 568929 568650 724678
P27635	602263 23854 1084136 440185 568929
P14373	602263 554356 554348 1084136 440185
P11142	569035 602263 568819 23854 554356 1084136 440185 568590 568611 568650
Q92934	1246768 602263 1045383 568611
P43146	1045383
Q09161	602263 568606
P50502	602263 724678
O75381	602263 440185 1045383
Q13155	602263 568611 568650
Q9HC77	440185
Q99081	602263
P06400	1083058 568766 568606 568819 568838 568402 568886 440185 1079863 568611 568929 568865 732808
Q14203	602263 568838 568590
P61088	1079863 1045383
Q16637	602263 568766 568819 568838 440185 568611 568650 772043
Q16630	602263 568606 23854 568611 568650 724678
P50570	602263
Q13618	568606 440185
P56134	602263 724678
Q9NZV6	568886 568929
P19174	568611
Q04206	440185 568590 568611 724678
P0CG48	1246768 602263 568606 568402 440185 1079863 1045383 568590 568611 568650
Q8N6T3	602263
Q96RG2	1045383
P49821	568606
P38432	440185
Q7Z4V5	440185 568929
Q02750	568611
Q6NZ67	602263
O94822	602263 568606
P04626	568819 440185 1045383
Q96G23	602263 568838 568611 568650
Q00987	440185 568611 568650
O75489	569035 602263 724678
P09467	568611
P46940	568819 1045383
O95166	568929
P60709	602263 568838 568875 23854 554356 1084136 568886 440185 568590 568611 568929 568650 724678
Q8TCT9	569035 602263 568819 568838 554356 554348 440185 568611 568650 724678
P62847	602263 440185 568590
Q01628	568819 568886
P40763	568606 568402 554356 554348 1045383 724678
P02652	554348
P09619	568766 568819 440185 732808
Q15645	569035 602263 568819 568611 568650
P18206	1079863 568611
P67870	568402 554356 554348 440185 1045383 568590 568611 568650 732808
O60503	440185 568611
P43364	602263
P21980	568766 568819 568838 568611
O15162	554356 554348 440185 568611 568650
P43246	23854 1045383 568590 568611
Q8N4V1	568611 568650
Q9UKV8	568611
Q9Y4K3	1246768 568402 440185 568590 568611
P27797	602263 568766 568606 554348 568886 440185 568611 568650 724678
P16333	1246768 568606 568611
Q9Y6K9	1246768 568606 1079863
P78527	569035 602263 568606 568590 568611 568650 724678
P05362	440185 568611
P62993	602263 554356 554348 568611 554407 568650
P01130	568875 440185 568611 568650
Q13162	1246768 568590 568611 568650
Q13287	602263 568766 568819 568875 568886 568929
Q92569	1246768 602263
P23497	602263 568402 440185 568590
Q96BK5	1045383
P52565	440185 568611
P04004	602263 554348 568611
P61981	569035 602263 970170 1084136 568590 568611
P62136	602263 568606 568819 440185 568590 568611
Q8WX92	602263 568611
P05067	568611 568929 568650
P05062	23854
P0CG47	602263 1045383 568590 568611
P19438	568819 554348 568611 554407
Q06609	568611
Q9UHA4	568929
P25705	569035 602263 23854 1084136 440185 568590 724678
P03886	568929
Q9H3U1	569035 602263 568611
P68371	569035 1246768 602263 23854 554356 554348 568886 568611 568650 724678
P14635	568886 1045383 568611
P04183	1246768 568819 568929
P49792	1246768 23854 440185 568611 568650
P51116	602263
Q3ZAQ7	602263 568606
Q9H4L4	568611
Q9GZQ8	602263 1045383
P63104	569035 602263 970170 23854 554348 1084136 1045383 568611 772043 724678
P07203	568875 568611
Q9P0L0	1083058 568766 568838 554356 554348 440185 568611 554407 568650 724678 732808
Q71UM5	1083058 602263 568766 568838 568402 440185 568590 568929 732808
P40692	602263 1045383 568611
Q9UDW1	602263
P00533	602263 568766 568819 440185
Q09472	1083058 568766 568606 568819 568838 554356 554348 568886 440185 772089 568611 568929 554407 568650 568696
P04406	602263 568819 568838 568875 23854 554356 554348 568886 440185 568590 568611 568929 568650
P54132	1045383 568590
P24539	569035 1246768 602263 568838 568611 568650 724678
P02751	1083058 554356 554348 440185 568611 568929
P61769	554356 568886 568611
P20963	568611 568650
Q06830	602263 554348 568590 724678
O75398	1246768 554356 554348
P30153	1083058 602263 568766 568606 568819 568838 440185 772089 568611 724678 732808
P10606	568606
Q9UER7	568402 440185 568590 568611
P35222	1246768 602263 1079863 568611
O14641	602263 440185
P35558	568611
P35659	602263 23854 568590
P54727	569035 602263 1045383 568611
O60674	554348
Q15424	602263 568611 568650
P27694	1083058 602263 568606 23854 440185 568590 568611
P27695	568606 568611 568650
O75955	602263 568838 568611 568650
P00441	1045383
P47756	602263 440185
P05023	569035 1246768 602263 568766 568819 568838 23854 440185 724678
P05556	602263 568766 568819 568838 554356 554348 440185 568611
O75674	568611
P53350	568611 568650
Q13131	568886
P45983	568611
Q14134	602263 568875
O14949	602263 568606
Q86X19	568929
P04637	1083058 602263 568766 568606 568819 568838 568875 23854 554356 554348 568886 440185 1045383 568611 568929 554407 568865 568650 724678
Q9Y6Q9	568611 568650
P20701	554356 554348 568611 568650
Q99459	602263 568611 568650
Q04864	568766 568819 568838 568886 568611 568929
P21333	602263 568819 554356 568590 568929
P09429	602263 568606 568929
P18848	568611 568929
P49841	554348 568611
Q6P2H3	554356 554348
Q9BUV8	568611 568650
P40939	569035 602263 568819 23854 568886 568611 568650 724678
O14832	1045383
P23142	568819 568838 554356 554348 568865
Q13485	568819 568611 568650
P52292	569035 1246768 1083058 602263 568766 568819 23854 440185 568611 568650 724678 732808
P62913	602263 23854 440185 568590
O14933	1246768 1079863 1045383
Q70UQ0	1083058 568766 568819 568838 440185 732808
P31946	569035 602263 970170 554348 1084136 1045383 568590 568611 568929 772043 724678
O43889	602263 568838 554356 554348 440185
O95870	568838
P06396	602263 568819
P02792	568766 568838 568875 554356 554348 568886 568929
P02794	602263 568766 554356 554348 440185 554407
P40337	568606 1045383 568611 568650
Q00839	1246768 602263 568606 23854 1084136 440185 568590 568611 568650
P60953	602263 1079863 1045383
P30101	602263 568766 568819 568838 568886 440185 1045383 568611 568650
Q9Y3E0	568606 568819 568838
P00403	602263 568766 568819 568838 568875 554348 440185 568929 724678
P62987	1045383
P00367	569035 440185 724678
P31930	602263 568606 568838 724678
Q5JTV8	569035 440185 568611
P42224	1246768 1083058 602263 554348 568611 568650 724678
Q9HD26	602263 568819 568838 554356 724678
Q92793	1083058 568606 568819 554348 568886 440185 772089 568611 568929 554407 568650 568696
Q9BUN8	568402
P04792	1246768 602263 568819 568875 568886 440185 1045383 568929
P28288	602263 568838 23854 568611 568650 732808
Q9H492	568611
P04156	568838 568886 568611
P19838	440185 568590 568611
Q9BPW8	569035 568766 440185 724678
Q99816	602263 440185 568590 568611 568650
P51572	569035 602263 568819 568611 568929 568865 568650 724678
P19404	568606
Q9Y287	602263 568590 568611 568650
O00267	568611
Q99497	1083058
Q07021	602263 554348 568886 440185 568611 568929 568650 724678
Q14164	554348
Q14160	602263 568819 568838
P78362	602263 440185
Q15637	602263 568819 568611
Q16836	568819 568838 568875 568929
P07237	602263 568766 568838 568875 554356 440185 568611 568650 732808
P17612	602263 23854 554356 440185 1045383 568611
Q5SW79	602263 440185 568611 568650
O95477	568766 440185 568650
Q04917	602263 970170 1084136 440185 568590 568611
Q05513	568611
Q16543	1246768 602263 1045383 568590 568611
Q93088	23854
Q13315	602263 1045383 568611
Q9HCU5	602263 568766 568838 440185 568611 568650
Q53G59	440185
Q9HCU9	1246768
Q9Y6N6	602263 554356 554348 568611
P08238	1246768 602263 23854 1084136 440185 1045383 568590 724678
P11766	568929
P38936	568819 554348 440185 568611 568929 554407
P62820	602263 568402 1079863
Q8IUH5	440185
Q8NC44	568875
P19784	440185 1045383 568611 568650
Q9Y4W6	569035 602263 568766 724678
Q15113	440185
P05783	602263 554348 568929
P14406	568606 1045383
Q8IY92	568611 568650
Q8NFG4	568611
P04114	568819 568838 554356 554348 1045383
P49755	602263 568838 568886 440185 568611 568650 724678
P61457	602263
P15927	1083058 568606 23854 568611
P25311	554356 554348
Q8TES7	602263 554356
Q15796	554348 568886 568696
Q13547	1083058 568606 568819 440185 568590 568611 568865
P01106	1083058 602263 568766 568606 568819 568838 440185 568611 568929
Q9BRK4	1246768 602263 554356 554348 440185
P46379	602263 440185 1045383 568611 568650
P68400	1083058 568819 568838 568402 440185 1045383 568611 568650
Q9H9J2	602263
Q15831	568819
P31751	568611
P01024	568929 724678
Q9UET6	568606
O75665	1246768
Q9UPT5	1246768 602263 568606
Q9UI14	568819 440185 568611
Q9NR12	1083058 568766 440185 568929
P51149	569035 724678
P51665	602263 568819 568838 440185 568611 568650
P51668	568606 1079863 1045383 568590 568611
P10644	602263 568838 440185 568611 568696
Q9Y5X1	568606
P14618	602263 568766 568819 568875 554356 554348 440185 568929
P27824	569035 602263 568766 568819 568838 568402 554356 554348 440185 568611 568650 724678
Q9UNS2	602263 568611 568650
Q12948	568611
Q8TBB1	1083058 568886 440185 568929
Q9H2H9	602263
Q9H6Y7	440185
P02787	554348
P02786	569035 602263 568766 440185 568611 724678
Q13363	602263 440185
Q9Y2W1	602263 568606 568611 568929 568650
Q8TDY2	554356
Q96T58	440185 568611
Q5UIP0	602263 568819 23854
Q9UDY2	568819 568611
Q13501	602263 568819 1045383 568611 568650 724678
Q16659	568611 568650
P21580	440185
Q16718	602263 724678
O43826	724678
P46108	602263
P02679	554356 554348
P42336	1246768 602263 568611
P00734	554356 554348
P35579	602263 1084136 568611
P05412	1246768 568819 23854 554356 554348 568611
P49720	602263 440185 568611
P10398	440185
P01857	602263 440185 568590
Q13616	568606 568819 440185 1045383 568611 568650
P15311	602263 568611
P50402	569035 602263 568766 568819 568838 23854 440185 568590 568611 724678 732808
Q03135	569035 602263 568819 568838 568611
P55040	568929
P84022	569035 554356 554348 568886 568611 568929 568650 568696
O75306	569035 554356 554348
O00217	602263 568838 568611 568650
P12830	568402 568611
P29353	602263 568838 568611 568929
P01241	568611
P06756	440185 568611 568650
P20333	568611
O43678	568929
P15822	602263 568611
P14923	1246768 602263
P09874	1083058 602263 568606 23854 440185 1045383 568590 568611 568650 724678
Q92997	602263
P27816	1083058 602263 568766 568838 440185 568929 732808
P22061	568590 724678
Q16531	569035 602263 568402 554348 1045383 568611 568650 724678
P49908	440185
Q8N6L0	440185
P02649	568766 554348 568611 554407
P02647	554356 554348 554407
P10909	568766 568838 440185
Q07817	602263 568766 568875 568886 1045383 568611 568929
O14818	602263 554356 554348 440185 568611 568650
P05181	554348
Q92900	602263 440185 1045383
P01023	440185 568611
Q92905	602263 568875 1045383 568611 568650
Q7Z7H8	23854
Q9UJS0	602263 23854 724678
P61289	602263 568402 554356 554348 440185 568611 568650
Q9BW61	568402 568611 568650
P10620	568766 568838 440185
P15529	440185 724678
Q14974	1083058 602263 568819 440185 1045383 568611 568650 724678
Q96NL6	1083058
P35638	568650
P62158	1246768 602263 568875 568886 568611 568929 568650 724678
Q9NTG7	568611
P60900	1083058 602263 568819 568838 554356 554348 440185 568611 568650
P11021	1246768 602263 568819 568838 568875 568402 554348 1084136 568886 440185 568611 568929 568650 724678
P06241	568606 554356 554348 568590 568611 568650
