Q6PD62	568606
Q99942	554348 568611 554356 1045383 568650
P54274	568606 554355
Q8N6Y0	554348 440185 554356
P68366	568819 568611 568650
P31749	554348 568611
Q49A88	440185
P08473	568611
Q8WZ42	1246768
Q9HAU4	554348 554356
Q9Y2R0	568606
P49792	208293 1246768 23854 440185 568611 568650
O00716	1083058 568819 568844
O75190	1246768 440185
O14558	567547
P40429	568819 440185
P63000	569661 970170 1079863 568611 569655 1045383 1282719
Q9UBB9	440185
P03897	554348
P02768	771931 568611
P16298	568611
P62979	1246768 568886 440185 568611 568866 568650
P35968	568611 568650
O00560	568886 440185 771931 568611 567547 568650
P19320	568611
Q96EB6	568611 568650
P62280	23854 440185
Q15008	568838 440185
P67809	1246768 23854 1084136 568611 554359 568650
P25786	1083058 568819 440185 568611 569655 568650
P42858	440185 1045383
O60343	1045383
P39023	569035 23854 1084136 440185 568611 568867 568650
P68104	1246768 568665 568819 568838 1283665 23854 554348 1084136 568886 374253 568844 568612 568611 227876 568867 568866 554356 568650
P27635	23854 1084136 440185 568844
P36542	569035 568838 23854 440185
P11142	569035 568819 1283665 23854 1084136 440185 568611 554356 554359 568650
Q92934	1246768 568611 1045383
Q14192	568838 440185 568844 554356
Q14807	568611 568650
Q14203	568838 374253 771931
P62891	440185
Q13561	374253
P62266	1246768 440185 568844 568611 568650
Q16637	208293 568819 568838 440185 568611 568650 772043
P17844	554348 1084136 374253 440185 568611 227876 554355 554359 568650
Q06330	568606 440185
P68032	568819
Q7Z434	568819 568838 554348 440185 554355
P30086	568611
P05412	1246768 568819 23854 554348 568611 569655 554356
Q8N3C7	554355
P06748	569035 1246768 568606 23854 554348 1084136 440185 568612 568611 567547 554355 568650
Q9HC24	554348 554356
P49821	568606
P04049	554348 1045383 568650
Q02878	568819 1084136 568886 568611 568863 569655 568867 568866 554355 568650
P07195	23854 440185
Q01844	568611 569655 568650
Q04206	440185 771931 568611 568867
Q71U36	1246768 568606 1283665 440185 568611 227876 554359 568650
P04626	568819 440185 1045383
Q9Y5V3	554348 440185 568611 567547 554356 568650
Q9Y2Q3	568819 568838
Q00987	440185 568611 568650
Q15047	568611
A5YKK6	374253 440185 1045383
P37840	1045383
P13073	568606 568611 568650
P46940	568819 1045383
P23396	1283665 23854 1084136 568611 568866 554359
P60709	568838 23854 1084136 568886 374253 440185 568611 554356 568650
Q96EY1	568819 568886 440185 227876 568866 554356
P60468	1083058 568819 568838 440185 567547
P61353	23854 568611 568650
P40763	568606 554348 554356 1045383
P02652	554348 554355
P09619	208293 568819 440185 567547
O75925	208293 568886 374253 440185 771931
P38919	568606
Q00653	440185 568611
P15880	23854 440185 568611 554359 568650
P67870	554348 440185 568611 554356 1045383 568650
O60506	1246768 554348 440185 568611 568650
Q16594	554348 568611
Q9UK41	568611 569655
O15169	554356
Q8N4V1	568611 568650
Q9UKV8	568611
Q9Y4K3	1246768 440185 568611
Q13523	568665 568611 568650
Q13526	568611 568650
Q9Y6K9	569661 1246768 568606 1079863
P78527	569035 568606 1283665 568611 568650
P62140	568606 568611
P27708	569035 568819 1283665 440185 567547
P63313	568844
P61586	569661 1079863 568611 569655 1045383 1282719
A0MZ66	440185
Q13162	1246768 568611 227876 568650
P00395	568606 568819 568866
P48047	569035 568819 568838 440185 568611 568650
Q13283	1246768 1084136 568611 569655 568650
P23497	440185 569655
Q96BK5	1045383
P61981	569035 970170 1084136 568611
P15336	569655
P16220	568611 569655
P13984	568611 568650
Q00765	568606 568819 554348 554356
O00483	1083058 568819 568838 440185 567547
P19438	568819 554348 568611 554407
P05141	569035 1246768 1283665 23854 554348 1084136 440185 568611 568867 554355 554356
O96008	568611 568650
P25705	569035 23854 1084136 440185
Q05639	1246768 1283665 23854 568611 227876
P03886	568867
P12814	568665 554348 568886 440185 771931 568611 568863 568866 554355 554356
P29372	568611 568650
P68371	569035 1246768 23854 554348 568886 568611 227876 554355 554356 568650
P14635	568886 568611 1045383
Q14789	374253 771931
P00156	568838 568863 568867
P07996	568844 568611 568867 554356 568650
Q93009	1083058 568606 440185
Q93008	1246768 568606 1283665 440185 227876
P03905	568819 554348 568886 568844 568866 554356
Q00610	1246768 1084136 440185
P35813	440185 567547
O00571	1246768 554348 374253 568611 227876 554355 554356 554359 568650
O00505	208293 1083058 374253 440185 568611
P24941	569661 1083058 568819 568838 771931 568611 569655 1045383 568650
P63104	569035 970170 23854 554348 1084136 568611 1045383 772043
Q13263	569035 568606 1283665 440185 568844 227876 568863 568867
Q9P0L0	1083058 568838 554348 440185 568611 554407 567547 554355 554356 554359 568650
P40692	568611 1045383
P00846	568819 568838 440185
P29590	554348 440185 568611 567547 554355 554359
P00533	568819 440185
P19793	554348 440185 554356
Q09472	208293 1083058 568606 568819 568838 554348 568886 440185 568611 554407 567547 554356 568650
P04406	568819 568838 23854 554348 568886 440185 568844 568611 568863 568867 554356 568650
P68133	568611
P24539	569035 1246768 568838 568611 568650
P02751	1083058 554348 374253 440185 771931 568611 568863 568866 567547 554356 554359
O95831	569035 1283665 440185 227876
P29692	568886 568611 568650
O43920	568606
P20963	568665 568611 568650
P30153	1083058 568606 568819 568838 440185 568611
P10606	568606 1283665
P55036	1083058 568819 568838 440185 568611 554355 1045383
P35222	1246768 374253 1079863 771931 568611 554359
P10176	568606
Q15038	569661 568838 568886 568867 568866
P62701	23854 440185 568611 568650
O60674	554348
Q15424	568611 568650
Q13573	568819 23854
P68431	1246768 1283665 568611 1045383 568650
P00441	1045383
Q7L5N1	568838 568611 568650
O00231	568819 568838 440185 568611 568650
P42677	568838 1283665 440185
Q07065	1084136 568611 568650
P05556	568819 568838 554348 440185 568611 567547 554356
P55084	568606 568611 568650
P53350	568611 554359 568650
O14503	569655
Q13137	554348 1084136 374253 440185 771931 554356 554359
P46379	440185 771931 568611 1045383 568650
Q15554	440185
Q01082	1246768 568838 23854 771931 568611 568866
P46783	23854 1084136
P46782	1083058 440185 568611 568650
P46781	23854 1084136 440185 554359
P26373	23854 440185
Q6P597	1246768
P37198	554348 568611 569655 554356
P42704	569035 23854 568886 440185 568611 568650
O14949	568606
P12931	568606 554348 440185 568611 1045383 568650
P04637	208293 1083058 568606 568819 568838 23854 554348 568886 440185 568611 568863 554407 568867 568866 567547 554355 554356 1045383 568650
Q99459	568611 568650
Q9UMX0	554348 440185 554356 1045383
O75376	1246768 568844 568611 568867 568650
P04156	568838 568886 568611 568867
P09429	568606
P49841	554348 568611
Q13813	568819 23854 568886 374253 771931 568863 568867 554359
Q96NL6	1083058 374253
P40939	569035 568819 23854 568886 568844 568611 568650
Q96CV9	440185 1045383 554359
P09874	1083058 568606 23854 440185 771931 568611 1045383 568650
P20674	568611 568650
P31947	970170 440185
P31946	569035 970170 554348 1084136 568611 1045383 772043
O43889	568838 554348 440185 568867 554356
P25445	568838 554348 440185 568611 567547
O95870	568838
P06396	569661 568819 569655
Q9Y371	440185
P57678	568611 568650
P02792	568838 554348 568886 771931 554356
P02794	569661 554348 440185 554407 554355 554356
P40337	568606 568611 1045383 568650
Q00839	1246768 568606 1283665 23854 1084136 440185 568611 554359 568650
P60953	569661 1079863 569655 1045383 1282719
Q9Y3E0	568606 568819 568838
P00403	568819 568838 554348 440185 568844 568867
O15530	554348
Q9UNE7	1083058 440185 568611 568650
P31930	568606 568838
Q13177	568611 568867 568650
P42224	1246768 1083058 554348 568611 567547 554355 568650
Q7Z7A1	1246768 771931 567547
Q8ND90	440185
Q92793	1083058 568606 568819 554348 568886 440185 771931 568611 554407 569655 567547 568650
Q13642	568606
P04792	1246768 568819 568886 440185 568863 1045383
P14136	554348 1084136 554356
Q9H492	568611
P21333	568819 771931 554356
P19838	440185 568611
P35609	554348 554356
P19404	568606
Q99816	569661 568665 440185 568612 568611 569655 554359 568650
P12110	568819 568838 440185
P27348	569035 970170 23854 1084136 568611 1045383
O94842	568819 568838 568886 568863 568867
Q14764	554348 554356
P62993	554348 568611 554407 554355 554356 554359 568650
Q6UWE0	568611
Q99497	1083058
P08865	568611 227876 1045383 568650
P52815	568867
P19474	1045383
P13010	23854 440185 568611
P10809	569035 23854 554348 440185 568611 227876 554355
P14854	568611 568650
O95470	568606 568819 568611 568650
O00585	1246768
Q5SW79	440185 568611 568650
Q16543	1246768 568611 1045383
Q13315	568611 554355 1045383
P19012	569655
P03372	1045383
Q14683	569035 23854 568867 554359
P22736	568819 554348 568886 440185 568863 568867 568866 554355 554356
P06493	1083058 568819 554348 440185 568611 1045383 568650
P08238	1246768 1283665 23854 1084136 440185 227876 554355 1045383
P28331	568838
Q8IUH5	440185
P06733	1246768 568819 568838 554348 568886 374253 568844 568611 568863 568867 568866 554355 554356
P17661	554348 1084136 568611 554356
P63167	1283665 440185
P28340	568650
P01034	568844
Q9H845	23854
P08047	569661 1083058 568665 23854 440185 568612 568611 569655 568650
P35232	1083058 1283665 23854 568886 440185 568611 568650
O75489	569035
Q15796	554348 568886
P01106	1083058 568606 568819 568838 440185 568611 568867 568866
P01100	568819 568611 554355
Q9UJY1	440185
P42766	440185
Q15831	568819
Q15843	440185 568611 568650
O43707	440185 771931
P51149	569035 1283665
P51148	569035 440185 567547
P51668	568606 1079863 568611 1045383
Q9GZT8	569655
P62424	23854 440185
P07900	568819 23854 554348 440185 771931 568611 227876 554355 1045383
P63279	208293 568606 568819 23854 374253 440185 771931 568611 569655 1045383
Q9H6Y7	440185
P83731	23854 440185 568650
Q93062	440185 567547
P02775	1246768
Q15155	569035 1246768 568606
P16104	568611
Q969M3	1045383
P63244	568819 23854 1084136 440185 568611 567547 568650 1282719
Q5UIP0	568819 23854
P49023	208293 1083058 440185 568611
Q9UBU9	1045383
Q9Y6M9	568606
P60228	569661 568611 569655 568650
P19525	1246768 554348 568612 568611 554355 554356 1045383 568650
P09669	568606
O95619	568611 1045383
P56385	568838
P00414	554348 568886 568863 568866 554356
Q9NRR5	554348 1084136 554356
Q92769	568606 568819 23854 568611
Q16891	568838 440185 568611 567547
O95817	1083058 568838 440185
Q03001	374253 771931 554359
P61247	23854 440185 568611 568866 568650
Q9Y3C5	1246768 440185
P35579	1084136 568611 227876
P0CG48	1246768 568606 440185 1079863 568612 568611 1045383 568650
P10398	440185
P62888	554355
Q7Z6E9	568611
Q03135	569035 568819 568838 568611
Q7Z3K3	440185 771931
P84022	569035 554348 568886 568611 554356 568650
Q9UBN7	569655
P51965	1079863 1045383
O75306	569035 554348 554356
Q92530	568838 568611 567547
O00217	568838 568611 568867 568650
P21796	569035 1283665 568611 568650
P27105	568819 568838 23854 440185 554356
P26599	374253 440185 568611
Q32P51	1283665 554348 554356
P03923	568838
Q9P035	569035 568819 568838 554348 440185 568611 554355 554356 554359 568650
P16144	568819 554348 568886 568611 568863 568867 568866 554356
Q7Z6Z7	569035 568886 568611 568650
Q13485	568819 568611 568650
Q15051	1045383
P32121	568611 568650
Q16531	569035 568665 1283665 554348 568611 1045383 554359 568650
P98082	568819
P39687	1283665 568611 568650
O95793	1246768 440185 568611 554359 568650
P02649	554348 568611 554407 554355 554359
Q6ZNA4	1045383
P36873	568606 568611 568650
Q13432	568838
Q92900	440185 567547 1045383
P00519	567547
Q13501	568819 568612 568611 1045383 568650
P36578	23854 1084136 440185
Q6DD88	568819 568838 568611 568650
P62487	568611 568867
Q9UJS0	23854
P46777	23854 771931 568611
Q99832	1283665 568844 568867
P62258	569035 970170 23854 554348 1084136 771931 568611 227876 554356 772043
P06576	569035 23854 568611 568867 568650
Q14232	1045383
Q6P2Q9	568886 440185 568611 568650
P62158	1246768 568886 568611 568650
P60900	1083058 568819 568838 554348 440185 568611 554356 568650
P63302	568838 568886
P11021	1246768 568819 568838 554348 1084136 568886 440185 771931 568611 568863 568867 554355 568650
P06241	568606 554348 771931 568611 554355 554356 554359 568650
P42574	568611
