P21291	1083058 602263
Q9UKV8	568609 568611
Q15942	602263 568838 440185 116070
Q5TB80	116070
O60232	568611
P27797	602263 568606 554348 440185 568611 569655 568650 116070 724678
P51531	568590 568611 568650
Q92882	568606
P05161	1083058 440185 568611
P06702	602263 1045383 116070
Q9Y6K9	569661 1246768 568606 568609 771929 1079863
P30050	602263 23854 440185 568590 724678
P52943	440185
P55083	116070
P23528	602263 554348 568611 554355 116070 724678
Q9H444	554348 568611
P62993	602263 568609 554348 568611 554355 554359 568650 116070
P55795	602263 771929 554348 568590 568611 567547 568650 116070
P60033	569661 602263 554348 568611 554355 554359 116070
O60518	602263 568611
P15104	602263 116070
P04075	602263 116070
P61978	1246768 602263 568606 568819 554348 1084136 440185 1045383 568590 568611 568929 724678
P25685	1083058 602263 568665 568838 440185 568650 724678
P08729	602263 568819 568929
P06396	569661 602263 568819 569655 116070
Q16181	1045383 116070
P28066	602263 568838 440185 568611
P35658	602263 568609 554348 1045383 568590 568611 569655 568650 116070
P61604	602263 554348 568611 554355 116070
Q6UB35	440185
P84243	1246768 602263 1045383 568590 568611 568650 116070
Q6ZW49	116070
Q14011	602263
P27361	1045383 568611 568650
P04083	1246768 602263 568838 1084136 568929 116070
Q15691	440185 1045383
P38646	602263 23854 568611
Q13283	1246768 602263 1084136 568611 569655 568650
Q00536	569661 569655
P60953	569661 602263 446562 1079863 1045383 569655 116070 1282719
P19338	602263 568606 568609 23854 554348 1084136 764963 446562 440185 568590 568611 554355 554359 116070 724678
P49662	568875 116070
O00159	602263 23854
Q15154	554359 116070
P12814	602263 568665 554348 440185 771931 568611 554355
P07858	1083058 568838 568875 554348 440185 568611 554355 732808 568650 116070
P02545	602263 568819 23854 568590 771931 568611 567546 568650 116070
P49137	602263
P13639	602263 23854 1084136 1045383 116070 724678
O00151	1246768 116070
O14920	1246768 568606 568609 554348 440185 569655
P61221	602263 23854 568611 568929 568650
Q9Y5Y2	602263
P46019	568611
Q12933	602263 568606 568609 554348 440185 568611
Q9ULZ3	568611
P52565	440185 568611
Q9Y678	1083058 602263 568838 1045383 567546
P50750	568665 568612 568611 568650 116070
Q16643	602263
P62987	1045383 771931
Q9UNE7	1083058 602263 440185 568611 732808 568650 116070 724678
P62333	1083058 602263 568819 568838 440185 568611 567547
P63000	569661 602263 1079863 1045383 568611 569655 116070 1282719
Q99439	440185
P62136	602263 568606 568819 440185 568590 568611
Q7Z3E5	602263
Q14141	1246768 554348 554355
P37231	554355
O14965	554355
Q9Y266	602263 568611 568650
P50453	116070
P26639	568611 568650
P35579	602263 1084136 568611 116070
Q13153	1045383 568650
P05067	1064300 446562 568611 568929 568650
Q08211	1246768 602263 23854 1084136 440185 568590 568611 554359 568650
Q15758	602263 568819 568838 724678
P19012	568929 569655
Q9BS26	1246768 568838 568611 568650 724678
Q96CW5	1064300 602263
Q15599	567547
P62979	1246768 602263 440185 568611 568650
P42224	1246768 1083058 602263 554348 568611 1073454 567547 554355 568650 116070 724678
Q9UPN3	602263 771931 116070
P42226	116070
Q96CX2	568838 440185
O96008	602263 568611 568650
P60484	568611 116070
Q9BUL8	568838
P07355	1246768 602263 568875 568611 568929 554355 554359 568650 116070
P09211	116070
P18887	568609 568819 568929
O75436	568838
P04792	1246768 602263 568819 568875 440185 1045383 568929 116070
Q15293	602263 568606 23854 440185 568611 568650
P29966	1083058 602263 554348 440185 567547 554355 732808
P21333	602263 568819 568590 771931 568929 116070
Q93034	568606 440185 568612 771931 568611 568650
O95757	1083058 602263 724678
Q16401	1045383 568611
Q9NZC7	568609 440185
P25786	1083058 602263 568819 440185 568611 569655 568650
P08670	602263 568819 568838 23854 554348 1084136 440185 568611 554355 724678
Q16363	568611
Q16659	568611 568650
P14618	602263 568819 568875 554348 440185 568929 116070
P30837	602263
Q96JB2	602263 116070
Q99816	569661 602263 568665 440185 568612 568590 568611 569655 554359 568650 116070
P55072	602263 1045383 568590 568611 568650 724678
Q96AE4	771931 116070
O95817	1083058 602263 568838 440185 732808
O60341	771929 568929
Q09666	602263 568819 554348 554355 116070
P13674	440185
Q16555	116070
P27348	602263 23854 1084136 1045383 568590 568611
P08727	602263 554348 554355
Q00610	1246768 602263 1084136 440185 116070
P24864	569661 568819 568838 440185 1045383 568611
O14558	567547 116070
P35813	440185 567547 732808
P63244	602263 568819 568875 23854 1084136 440185 568611 568929 567547 568650 116070 724678 1282719
Q14764	602263 554348 116070
Q13501	602263 568819 1045383 568612 568611 568650 724678
P84022	554348 568611 568929 568650
P07954	116070
Q04206	440185 568590 771931 568611 724678
Q05682	602263 116070
P19320	568611
Q99714	602263
P46527	568609 568819 567546 568650
Q01469	602263
Q96P48	554348 554355
P24941	569661 1083058 568609 568819 568838 446562 1045383 771931 568611 569655 568650
Q99496	568819 116070
Q13618	568606 440185
Q504Q3	116070
P67936	602263 554359
P0CG48	1246768 1064300 602263 568606 440185 1079863 1045383 568612 568590 568611 568650
P68104	1246768 602263 568665 568819 771929 568838 568875 23854 554348 1084136 568612 568590 568611 568929 568650 116070 724678
Q9Y5S9	602263 568611
P14373	602263 554348 1084136 440185 116070
P54259	116070
O14980	602263 568875 440185 1045383 568611 568650 116070 724678
P15311	602263 568611
P32121	568611 568650
Q14676	1064300 568590
P11142	602263 568819 23854 1084136 440185 568590 568611 554359 568650
P31949	602263 724678
P42345	1064300 602263 116070
Q86X55	568606 568611 569655
Q7Z3C6	602263
Q15717	602263 554348 567547 554355 554359
P31948	602263 1045383 568611 568650 724678
Q9UBN7	569655
Q99961	602263 764963 116070
Q09161	602263 568606
O00429	602263 568609 1045383
Q8WUM4	1246768 602263 440185 1045383 568611 1073454 568650 116070
Q15637	602263 568819 568611 116070
P34897	23854 116070
P15498	771931 568650
P16949	554348 568611 554355
Q9Y2W1	602263 568606 568611 568929 568650
Q9Y4L5	568611
P07237	602263 568838 568875 440185 568611 732808 568650 116070
P29590	1064300 568609 554348 764963 440185 568590 568611 567547 554355 554359
Q9NUX5	116070
Q9BQB6	1083058 602263 568819 568838 440185 568929 567547 732808
P16070	1083058 568819 568838 446562 440185 1079863 568611 567547 732808 116070
P17612	602263 23854 440185 1045383 568611 116070
P05771	568611
Q99614	724678
P04233	602263 568665 440185 568611 116070
P06400	1064300 1083058 568606 568819 568838 440185 1079863 568611 568929 567546 567547 732808
P00533	602263 568819 440185 116070
P51692	568611
Q09472	1083058 568606 568609 568819 568838 554348 440185 568611 568929 567547 568650 116070
Q86XR8	554348 568611 554355 568650
P04406	602263 568819 568838 568875 23854 554348 440185 568590 568611 568929 568650
Q9NQS3	116070
O43504	602263 568929
P37802	602263 116070 724678
P68133	602263 568611
P00338	602263 568838 568875 23854 440185 568590 116070
P49407	116070
Q16637	602263 568819 568838 440185 568611 568650
O43865	440185 568611 568650
P02751	1083058 554348 440185 771931 568611 568929 567547 554359
P03372	1045383 116070
Q05397	568611
O95782	568819 732808 568650
O95466	554348
P28482	568611 568650
Q9UBU9	602263 1045383 568590 116070
P30153	1083058 602263 568606 568819 568838 440185 568611 1073454 732808 724678
Q15910	568819 1045383
Q14999	554359
P08238	1246768 602263 23854 1084136 440185 1045383 568590 554355 724678
Q96ST3	568606 568590 568611
P55036	1083058 602263 568819 568838 440185 1045383 568611 554355 116070
P05026	568606
Q92598	602263 771929 568611 568650 724678
P12956	602263 23854 568590 568611 724678
Q96Q05	602263
P17931	602263 568611 116070
P35222	1246768 602263 1079863 771931 568611 554359 116070
P29353	602263 568838 568611 568929
P38936	1064300 568819 554348 440185 568611 568929 554355
Q9UQ35	602263 568819 23854 440185 1045383 568611 568929 569655 568650 116070
P37840	1045383
P07384	440185 568611 568650
Q15051	602263 1045383
O43318	568606 1045383 568611
P06748	1246768 602263 568606 568609 23854 554348 1084136 440185 568612 568590 568611 568929 567547 554355 568650 116070 724678
P55854	568606 764963 440185 568590
Q00839	1246768 602263 568606 568609 23854 1084136 440185 568590 568611 554359 568650 116070
P23458	1083058 602263 568819 568838 554348 440185 1045383 568929 554359 116070 724678
Q07812	1246768 602263 554348 440185 1045383 771931 568611 567547 724678
Q9BSJ2	1064300 602263 116070
O60260	554348 554359
Q96QK1	771929 568838 554348 1045383 554355
Q3V6T2	602263
P53634	568875 440185 116070
Q13573	602263 568819 23854
P04049	602263 554348 1045383 568650 116070
P27694	1083058 602263 568606 568609 23854 440185 568590 771931 568611
P05787	602263 554348 771931 568929 569655 554355
Q15417	602263 116070
O75955	602263 568838 568611 568650
P05783	602263 554348 568929 554355
P08758	602263 23854 440185 554359 116070
Q9Y5M8	1083058 602263 568819 568838 568875 440185 568929 567547 732808 724678
Q14103	1246768 602263 23854 440185 568611 568650 724678
Q01844	568611 569655 568650 116070
P40939	602263 568819 23854 568611 568650 116070 724678
Q92599	1246768
Q02750	568611 116070
Q7L5N1	602263 568838 568611 568650 116070
P08047	569661 1083058 568665 23854 440185 568612 568611 569655 567546 568650
Q96EP5	602263 568611 568650
O00233	602263 568611 116070
Q05086	1246768 568819 568838 554348
O75400	602263 116070
P57740	602263
Q86X19	568929
Q71U36	1246768 602263 568606 568609 771929 440185 568590 568611 1073454 554359 568650 724678
P61970	568611
P06733	1246768 602263 568819 568838 568875 554348 568590 568611 568929 554355 116070
Q14457	771931 554359 116070
P14174	602263 568819 554348 554355
P04626	568819 440185 1045383
P53350	568611 554359 568650
O14654	1246768 602263 771929 23854 554348 568590 554355 724678
P15927	1083058 568606 568609 23854 568611 567547
P06493	1083058 602263 568819 554348 440185 1045383 568611 567546 568650
Q13617	602263 568819 440185 568611 568650 116070
P36873	602263 568606 568611 568650 116070
P46379	602263 440185 1045383 771931 568611 568650 116070
P05556	602263 568819 568838 554348 440185 568611 567547
Q15554	440185
O15111	1246768 568606 568609 568819 1073454 116070 724678
P60660	602263 23854
P46940	568819 764963 1045383 116070
Q16527	1083058 440185 567547 732808
Q8N6T7	568838 568611
P23443	1064300
P26038	602263 568611 568650 116070
O95714	568609 568838 568611
Q13546	568606 771929 440185 1045383 568929
Q13547	1083058 568606 568609 568819 771929 440185 568590 568611 569655 567546 116070
Q08830	554348
Q00535	568609 568819 568611
P01106	1083058 602263 568606 568819 568838 440185 568611 568929
P26885	116070
P61586	569661 1079863 1045383 568611 569655 116070 1282719
Q9UHX1	602263 771931 116070
O60488	602263 554355
P49916	568609 568611 568650
P45983	568611
P68400	1083058 568819 568838 440185 1045383 568611 568650
Q5S007	446562
P50402	602263 568819 568838 23854 440185 568590 568611 567547 732808 724678
P54253	116070
O95400	1246768 568929
O00182	440185 116070
Q9H0D6	602263 554348
Q13586	440185 567547
P04183	1246768 568819 568929
P06753	602263
O15498	568929
Q12800	602263 568606 440185 568611
P67775	1083058 602263 568819 1045383 568611 724678
Q9Y2K1	602263 554348 116070
Q9NRD1	568611 568650
P38919	602263 568606
P04637	1083058 602263 568606 568819 568838 568875 23854 554348 446562 440185 1045383 568611 568929 567546 567547 554355 568650 116070 724678
P01023	440185 568611 116070
O75665	1246768
Q86YS7	568606
Q9UBX5	554348 440185
P15336	568609 569655 567546
Q92905	1064300 602263 568875 1045383 771931 568611 568650
P06576	602263 23854 568611 568929 568650 724678
Q13428	602263
P62158	1246768 602263 568875 568611 568929 568650 116070 724678
O75925	440185 771931
O43586	568819
P60903	602263 440185
Q9NVR5	771931
P49841	554348 568611
Q92934	1246768 602263 1045383 568611
P11021	1246768 602263 568819 771929 568838 568875 554348 1084136 440185 771931 568611 568929 1073454 554355 568650 724678
Q13813	602263 568819 568875 23854 771931 568929 554359
Q08397	568875
Q16665	568609
